[0.43243929]
[0.39859966]
[0.37061575]
[0.34894582]
[0.33048445]
[0.31318324]
[0.2982836]
[0.28545151]
[0.27447661]
[0.26453317]
[0.25423158]
[0.24324367]
[0.23200665]
[0.22115498]
[0.21059426]
[0.20080912]
[0.19184795]
[0.1836863]
[0.17631596]
[0.16967009]
[0.16386398]
[0.15863631]
[0.15392697]
[0.149754]
[0.14591007]
[0.14258614]
[0.13944142]
[0.13659165]
[0.13396876]
[0.13148106]
[0.12930345]
[0.12726274]
[0.12525032]
[0.123347]
[0.12158796]
[0.11998084]
[0.11842083]
[0.11694155]
[0.1155597]
[0.1142525]
[0.11305076]
[0.11193486]
[0.11080982]
[0.10971581]
[0.10872468]
[0.10775545]
[0.10674448]
[0.10592045]
[0.10514289]
[0.10423746]
[0.10336765]
[0.10255831]
[0.10185311]
[0.10112198]
[0.10038754]
[0.09972892]
[0.09900864]
[0.09831228]
[0.09774781]
[0.09717196]
[0.09639703]
[0.09585941]
[0.09525664]
[0.09467046]
[0.0940667]
[0.09357655]
[0.09302977]
[0.09247497]
[0.09198141]
[0.09140898]
[0.09091212]
[0.09048041]
[0.08998522]
[0.0894409]
[0.08893161]
[0.08855478]
[0.0880469]
[0.08761787]
[0.08719917]
[0.08676035]
[0.08636041]
[0.08591652]
[0.08555033]
[0.08516907]
[0.08475995]
[0.08446612]
[0.08419912]
[0.08376747]
[0.08339796]
[0.0830807]
[0.08269502]
[0.08236235]
[0.08207476]
[0.08182115]
[0.08151561]
[0.08112058]
[0.08090374]
[0.08057759]
[0.08026718]
[0.07998923]
