[0.47585931]
[0.45482616]
[0.44024036]
[0.42657492]
[0.41445642]
[0.40382802]
[0.39436779]
[0.38583796]
[0.37806902]
[0.37095629]
[0.36433402]
[0.35810689]
[0.35225494]
[0.34677079]
[0.34161554]
[0.33676534]
[0.33217987]
[0.32788208]
[0.32383064]
[0.31998686]
[0.31633161]
[0.312839]
[0.30947562]
[0.30622217]
[0.30308188]
[0.30001591]
[0.29703897]
[0.29411712]
[0.2912582]
[0.28844766]
[0.28567737]
[0.28292906]
[0.28023743]
[0.27755621]
[0.27491664]
[0.27232667]
[0.26974899]
[0.26721554]
[0.26471255]
[0.26223723]
[0.25978872]
[0.25738885]
[0.25502503]
[0.25269568]
[0.25042285]
[0.24817921]
[0.24599684]
[0.24386861]
[0.2417735]
[0.23973303]
[0.23775646]
[0.23580482]
[0.23390875]
[0.23206021]
[0.23024832]
[0.22847684]
[0.22675057]
[0.22506441]
[0.22340685]
[0.22179115]
[0.22020021]
[0.21866261]
[0.21713215]
[0.21564965]
[0.21418888]
[0.21275738]
[0.21134671]
[0.2099692]
[0.20861164]
[0.20727973]
[0.20596733]
[0.20467207]
[0.2034024]
[0.20214162]
[0.20091461]
[0.19967144]
[0.19844715]
[0.19723604]
[0.19602404]
[0.19480159]
[0.19358008]
[0.19235821]
[0.19111079]
[0.18986348]
[0.18859676]
[0.18731803]
[0.18602328]
[0.18473162]
[0.18340952]
[0.18208706]
[0.18075296]
[0.17940559]
[0.178061]
[0.17670286]
[0.17535311]
[0.17398656]
[0.17262177]
[0.17126451]
[0.16989519]
[0.16853347]
