[0.40491309]
[0.33783162]
[0.28584572]
[0.24861223]
[0.22169922]
[0.20147626]
[0.185712]
[0.17234974]
[0.16166123]
[0.15228233]
[0.14450074]
[0.13778557]
[0.13204656]
[0.1278692]
[0.12315318]
[0.11957134]
[0.11639878]
[0.11363469]
[0.11123919]
[0.10905723]
[0.10694574]
[0.1051617]
[0.10333226]
[0.10192874]
[0.10024964]
[0.09882956]
[0.09753031]
[0.09622048]
[0.09518321]
[0.0939522]
[0.09303662]
[0.09190619]
[0.09094715]
[0.09037537]
[0.0894291]
[0.08853079]
[0.08747568]
[0.08689084]
[0.08608078]
[0.08522586]
[0.0845145]
[0.08379277]
[0.08317262]
[0.08253789]
[0.08185069]
[0.0813205]
[0.08080101]
[0.08017236]
[0.07977053]
[0.07899771]
[0.07848817]
[0.07797293]
[0.07748385]
[0.07692305]
[0.07661173]
[0.07602168]
[0.0756822]
[0.07520988]
[0.07479225]
[0.07441329]
[0.07396125]
[0.07362943]
[0.0731889]
[0.07283734]
[0.07259827]
[0.07202866]
[0.07176704]
[0.07146388]
[0.07114999]
[0.07079824]
[0.07042752]
[0.07037068]
[0.06980069]
[0.06959513]
[0.06932219]
[0.06896816]
[0.06870972]
[0.06857092]
[0.06816777]
[0.06817562]
[0.06775832]
[0.06738037]
[0.06730093]
[0.06694972]
[0.06683928]
[0.06652479]
[0.06642825]
[0.06614361]
[0.06583763]
[0.06567912]
[0.06571039]
[0.06515992]
[0.06499075]
[0.06503849]
[0.06463764]
[0.06448634]
[0.06417388]
[0.0641687]
[0.06386316]
[0.06364034]
